Result:  {'predict_labels': array([0, 0, 0, ..., 2, 2, 2]), 'predict_scores': array([[1.387e-01, 2.944e-04, 1.339e-01, ..., 1.091e-03, 1.130e-03,
        3.320e-02],
       [1.387e-01, 2.944e-04, 1.339e-01, ..., 1.091e-03, 1.130e-03,
        3.320e-02],
       [1.387e-01, 2.944e-04, 1.339e-01, ..., 1.091e-03, 1.130e-03,
        3.320e-02],
       ...,
       [6.889e-03, 1.013e-04, 1.765e-01, ..., 1.458e-03, 3.725e-03,
        3.479e-02],
       [6.889e-03, 1.013e-04, 1.765e-01, ..., 1.458e-03, 3.725e-03,
        3.479e-02],
       [6.889e-03, 1.013e-04, 1.765e-01, ..., 1.458e-03, 3.725e-03,
        3.479e-02]], dtype=float16)}
