[2.613211154937744,
 2.604060173034668,
 2.585057258605957,
 2.5808827877044678,
 2.569070816040039,
 2.5610697269439697,
 2.553546667098999,
 2.542067766189575,
 2.533414125442505,
 2.533095121383667,
 2.5224270820617676,
 2.530641555786133,
 2.5204665660858154,
 2.517812967300415,
 2.5150020122528076,
 2.5318167209625244,
 2.509143114089966,
 2.500697135925293,
 2.5019304752349854,
 2.5045738220214844,
 2.504300117492676,
 2.497880458831787,
 2.5017638206481934,
 2.503631114959717,
 2.500837802886963,
 2.5079185962677,
 2.5035207271575928,
 2.506821870803833,
 2.509641647338867,
 2.5102274417877197,
 2.5170059204101562,
 2.5171446800231934,
 2.5158114433288574,
 2.5241575241088867,
 2.5297939777374268,
 2.527230978012085,
 2.52712345123291,
 2.5319130420684814,
 2.532221555709839,
 2.541415214538574,
 2.540698766708374,
 2.54282546043396,
 2.5449345111846924,
 2.54705810546875,[2.613211154937744,
 2.604060173034668,
 2.585057258605957,
 2.5808827877044678,
 2.569070816040039,
 2.5610697269439697,
 2.553546667098999,
 2.542067766189575,
 2.533414125442505,
 2.533095121383667,
 2.5224270820617676,
 2.530641555786133,
 2.5204665660858154,
 2.517812967300415,
 2.5150020122528076,
 2.5318167209625244,
 2.509143114089966,
 2.500697135925293,
 2.5019304752349854,
 2.5045738220214844,
 2.504300117492676,
 2.497880458831787,
 2.5017638206481934,
 2.503631114959717,
 2.500837802886963,
 2.5079185962677,
 2.5035207271575928,
 2.506821870803833,
 2.509641647338867,
 2.5102274417877197,
 2.5170059204101562,
 2.5171446800231934,
 2.5158114433288574,
 2.5241575241088867,
 2.5297939777374268,
 2.527230978012085,
 2.52712345123291,
 2.5319130420684814,
 2.532221555709839,
 2.541415214538574,
 2.540698766708374,
 2.54282546043396,
 2.5449345111846924,
 2.54705810546875,
 2.551039457321167,
 2.5523135662078857,
 2.5572879314422607,
 2.557081460952759,
 2.561722755432129,
 2.5671050548553467,
 2.5655670166015625,
 2.570159673690796,
 2.5698659420013428,
 2.5721023082733154,
 2.5790255069732666,
 2.578641176223755,
 2.5821642875671387,
 2.5857136249542236,
 2.586199998855591,
 2.5886330604553223,
 2.5915236473083496,
 2.5946290493011475,
 2.5985615253448486,
 2.6011953353881836,
 2.6046698093414307,
 2.604748249053955,
 2.61029314994812,
 2.610586166381836,
 2.6141297817230225,
 2.617960214614868,
 2.6189229488372803,
 2.6225204467773438,
 2.6257545948028564,
 2.6281328201293945,
 2.628603458404541,
 2.632240056991577,
 2.6351232528686523,
 2.6386911869049072,
 2.640665292739868,
 2.643672466278076,
 2.6468770503997803,
 2.6468114852905273,
 2.6518402099609375,
 2.652388572692871,
 2.6560723781585693,
 2.658064365386963,
 2.6606380939483643,
 2.6638827323913574,
 2.6657543182373047,
 2.668776273727417,
 2.6722183227539062,
 2.6760592460632324,
 2.6770598888397217,
 2.679739236831665,
 2.6834912300109863,
 2.684767007827759,
 2.689358949661255,
 2.6905999183654785,
 2.696439743041992,
 2.6992218494415283]
 2.551039457321167,
 2.5523135662078857,
 2.5572879314422607,
 2.557081460952759,
 2.561722755432129,
 2.5671050548553467,
 2.5655670166015625,
 2.570159673690796,
 2.5698659420013428,
 2.5721023082733154,
 2.5790255069732666,
 2.578641176223755,
 2.5821642875671387,
 2.5857136249542236,
 2.586199998855591,
 2.5886330604553223,
 2.5915236473083496,
 2.5946290493011475,
 2.5985615253448486,
 2.6011953353881836,
 2.6046698093414307,
 2.604748249053955,
 2.61029314994812,
 2.610586166381836,
 2.6141297817230225,
 2.617960214614868,
 2.6189229488372803,
 2.6225204467773438,
 2.6257545948028564,
 2.6281328201293945,
 2.628603458404541,
 2.632240056991577,
 2.6351232528686523,
 2.6386911869049072,
 2.640665292739868,
 2.643672466278076,
 2.6468770503997803,
 2.6468114852905273,
 2.6518402099609375,
 2.652388572692871,
 2.6560723781585693,
 2.658064365386963,
 2.6606380939483643,
 2.6638827323913574,
 2.6657543182373047,
 2.668776273727417,
 2.6722183227539062,
 2.6760592460632324,
 2.6770598888397217,
 2.679739236831665,
 2.6834912300109863,
 2.684767007827759,
 2.689358949661255,
 2.6905999183654785,
 2.696439743041992,
 2.6992218494415283]
